0 7036834152512544
0 9622935698471968
0 283576833847832608
0 1556812633987104
0 2647125247037472
0 272899265440160800
0 8443758333345824
0 5269377800878112
0 11364509235613728
0 11056140247435296
0 279355593155054624
0 17935350173621280
0 270198501957525536
0 3483423025348640
0 14531583491345440
0 13405585873947680
0 11804698822954016
0 11567329402276896
0 4873321954995232
0 284756288507080736
0 272740303868484640
0 3879603962130464
0 280824484855296032
0 280824484049989664
0 280164886058119200
0 280138495363133472
0 10072001909719072
0 287060815754919968
0 284738741954773024
0 14610076434681888
0 2639235660673056
0 273399730330472480
0 14161646146941984
0 278422976171610144
0 8277640809326624
0 15964596376538144
0 270373846144742432
0 280463012085853216
0 10608321992331296
0 12640537039605792
0 12666925855543328
0 12666925855543328
0 12675721143259168
0 12693311987126304
0 12710902830993440
0 12693323529850912
0 12693323798286368
0 12693323798286368
0 12693323798286368
0 12693324066721824
0 12693324066721824
0 12702120965050400
0 12710916789637152
0 12728508707246112
0 15269528665734176
0 279187951186284576
0 283392053080230944
0 17943864677764128
0 17943864677764128
0 17943864677764128
0 3289626584586272
0 17591505292406816
0 270709142430422048
0 272388658789963808
0 281642279377432608
0 271271222384652320
0 280058343756766240
0 7001318262754336
0 1081570744342560
0 149411711701024
0 279012462848699424
0 10317807720279072
0 9350673426781216
0 274473472422785056
0 1345929471309856
0 287508972238577696
0 280348962450820128
0 277253196463156256
0 272846672492079136
0 270831102053074976
0 276848464514904096
0 284113292442650656
0 4547409099286560
0 285873508284730400
0 5735666831027232
0 5303391794498592
0 862641765626912
0 2743739462374432
0 285934780556614688
0 15200078507723808
0 3343032355151904
0 273004747689059360
0 273057537132094496
0 273418213990097952
0 273884449333077024
0 275256708027147296
0 275388653985883168
0 275388653985883168
0 275406251540636704
0 4952691876847648
0 4961487432998944
0 4952691071541280
0 4970282989150240
0 4979079350607904
0 4996672073523232
0 5005468703416352
0 5005469508722720
0 5005469777158176
0 5014265333309472
0 5031857250918432
0 5031856445612064
0 5031856177176608
0 5014263722696736
0 5014262917390368
0 4996670462910496
0 4987873296146464
0 4979076129382432
0 4987873027711008
0 276275934368171040
0 3289393851038752
0 285362272959190048
0 7204054677937184
0 284043679344283680
0 8198323500708896
0 278783263530053664
0 275318184846848032
0 277578382932327456
0 284360201522852896
0 6860611912790048
0 285600757997209632
0 791178878975008
0 5470729357860896
0 8092806891988000
0 4354569094627360
0 13888650241018912
0 4485834569073696
0 4257750331146272
0 13079987624099872
0 7001064859889696
0 7846755731591200
0 2454414895935520
0 4151450427405344
0 277788965447488544
0 279416656315470880
0 11408444335051808
0 15895115885329440
0 7116540960938016
0 509903886108704
0 6975877560978464
0 10141454215457824
0 3069715937537056
0 284579571540772896
0 281492442463661088
0 277129636427942944
0 275026948752009248
0 270875338069271584
0 275009673051123744
0 280797861963242528
0 278123357911150624
0 282503869412633632
0 274869358080578592
0 270225299600651296
0 18032516560924704
0 283832681560040480
0 273523865622376480
0 15929662723613728
0 279169939435343904
0 281738656296319008
0 274209089536577568
0 3201489292481568
0 14909757240476704
0 2832714004918304
0 280076124921329696
0 14495338799409184
0 13124414497949728
0 287087088069955616
0 287192031032675360
0 283911014784076832
0 283928606970121248
0 283963791879080992
0 283990180695018528
0 3158373726370848
0 2823073414031392
0 1081518668231712
0 273866072778796064
0 2084388699900960
0 7502634361822240
0 275256696484908064
0 272230238920985632
0 11839004068728864
0 7037283245563936
0 7238548633808928
0 277473383866781728
0 10388191228453920
0 12287510323457056
0 12086465857080352
0 275714109159264288
0 284931403987421216
0 275089478107377696
0 280428800792580128
0 281659923908636704
0 281351332924256288
0 281228732277567520
0 17662461909984288
0 8611857178882080
0 277903739590307872
0 280261508863453216
0 283295715890408480
0 14364549528727584
0 286022315748196384
0 13546614077666336
0 15805944042804256
0 2427226142790688
0 272142872575397920
0 1732184201537568
0 88579942647840
0 275440569671874592
0 5373993272094752
0 12868523567472672
0 8488075147993120
0 8514464232366112
0 8523262204436512
0 8523263546613792
0 8540857343270944
0 8540858685448224
0 8558451676799008
0 8989495399931936
0 9015884484304928
0 9033477475655712
0 9051070467006496
0 9068663726792736
0 9077460893556768
0 9095054153343008
0 9112647144693792
0 9121444043022368
0 16141088125902880
0 287245135887415328
0 272301313650472992
0 274490275945175072
0 12173940114354208
0 279979482251995168
0 888781473664032
0 284992758400791584
0 286515747629896736
0 6386081109399584
0 16773645271983136
0 273084064460844064
0 285670279022298144
0 7124937621998624
0 12138867948284960
0 287552535017915424
0 3553334624022560
0 285785161344349216
0 6051931579624480
0 16651413723850784
0 271702984172835872
0 1063994932816928
0 286383367879216160
0 280023600960920608
0 272257041396102176
0 279794285946548256
0 280094618782437408
0 1680516281551904
0 5365779684466720
0 273013807654497312
0 272088953287773216
0 285547437589171232
0 12349454221422624
0 11637902962469920
0 11460716234198048
0 285802235449899040
0 11998364535522336
0 5515039998463008
0 273954443610237984
0 286154295261531168
0 275872093894553632
0 11998453119267872
0 14618421287703584
0 10423313323307040
0 879271342285856
0 281386654197879840
0 281308535185355808
0 282573908249596960
0 280709247929478176
0 286541423480687648
0 8804449686899744
0 287957539696923680
0 334609359368224
0 276989049263394848
0 276179813805625376
0 276179814879367200
0 276171020665393184
0 14355425944406048
0 7432536468892704
0 6112733284479008
0 6112733284479008
0 6112733284479008
0 6103936386150432
0 6103935312408608
0 284984617021320224
0 17697195042319392
0 276047137702389792
0 3589422012631072
0 15666197618273312
0 15552164088918048
0 16500877267488800
0 9807916182015008
0 278414198332156960
0 273127119897457696
0 1072579230141472
0 272722378554453024
0 275185981190392864
0 279927397720058912
0 10397056040864800
0 285186506254560288
0 13651731791532064
0 10142114297991200
0 10133318473404448
0 10115725482053664
0 10098133564444704
0 9684783227523104
0 9675987402936352
0 9658396022198304
0 9632008280002592
0 9605620269371424
0 9579230916562976
0 9456077024317472
0 9456077024317472
0 9447280931295264
0 9438485106708512
0 9429689013686304
0 9420893725970464
0 9403302345232416
0 9394506789081120
0 9385711232929824
0 8989934828441632
0 8989934828441632
0 8989934828441632
0 8989934828441632
0 8981138198548512
0 8963545475633184
0 8963544670326816
0 8954748040433696
0 8945951410540576
0 8937155049082912
0 8928358687625248
0 8919562594603040
0 8910766501580832
0 8901970140123168
0 8901969603252256
0 8893172973359136
0 8884377148772384
0 8875580518879264
0 8866785231163424
0 7644135817566240
0 10308469924427808
0 12234714438129696
0 6509723285370912
0 273004711182325792
0 278379296085529632
0 285688236011999264
0 281280850900231200
0 277816456727921696
0 274922012500505632
0 13659949943228448
0 16852776822991904
0 283269737512196128
0 270338906048836640
0 287165521957573664
0 4723238618296352
0 272617552092437536
0 274605447372184608
0 274596651279162400
0 274596651279162400
0 274596651279162400
0 274605448714361888
0 274605449788103712
0 274596654231952416
0 274579062045908000
0 274561469591428128
0 274552673229970464
0 274552672424664096
0 274552671887793184
0 274543874452593696
0 274552669471874080
0 274552668935003168
0 274561464491154464
0 274570260315741216
0 6967078783476768
0 273875057045229600
0 272370732401978400
0 10344815816484896
0 8786640604678176
0 12560489854813216
0 274720214267558944
0 7493642847524896
0 271703154360941600
0 17311352897501216
0 17284964081563680
0 270866632707190816
0 281211664345442336
0 2507292654441504
0 9992387711650848
0 271579988925818912
0 16940625547478048
0 8707637634344992
0 275247934751174688
0 275448977606938656
0 282380334878920736
0 3826926993207328
0 14222804333957152
0 13413772887018528
0 276803967311630368
0 276795170950172704
0 276443432724418592
0 276434636899831840
0 3553007669157920
0 271782334229939232
0 272581620933051424
0 1433105227940896
0 278396951622902816
0 278080292542538784
0 278080292542538784
0 277807588425917472
0 277798789380105248
0 276724926491723808
0 276249770232665120
0 16721373909101600
0 211763899952160
0 287921905158655008
0 9622595053954080
0 15103327927134240
0 275150886743899168
0 277727975569857568
0 5005432196193312
0 287086926471935008
0 12674807120530464
0 283471727407841312
0 279162146485987360
0 9297840229044256
0 6597455508425760
0 2920397104441376
0 278492602959942688
0 13624928243149856
0 16219636634889248
0 278756565744412704
0 271719744477442080
0 10740169703685152
0 1002904928692256
0 270980870515929120
0 277982886710603808
0 286523548900995104
0 5717456438292512
0 12270138254897184
0 15094148508282912
0 16764898839572512
0 274517377994322976
0 277612993926607904
0 282715459634459680
0 1213291485934624
0 1557546268005408
0 11954289581093920
0 276592522850416672
0 277156677542123552
0 284861912221874208
0 8981260068624416
0 271993293091765280
0 280244014924864544
0 285379819511127072
0 285768050731777056
0 285776846019492896
0 5022757289368608
0 9710393849453600
0 273312317008420896
0 276619028704174112
0 281545532823216160
0 286857716683939872
0 184821569986592
0 286866550357925920
0 284861504736895008
0 284817089137909792
0 286110402306547744
0 2664879299665952
0 3782029821255712
0 287042435979583520
0 287051232072605728
0 287051232341041184
0 287051232609476640
0 287060029239369760
0 287060030313111584
0 287060031386853408
0 287042439737679904
0 287033644449964064
0 287016052532355104
0 286998461420052512
0 287007258318381088
0 287016055216709664
0 287024852115038240
0 287033649013366816
0 287033648744931360
0 287042444569518112
0 287033648744931360
0 287033649013366816
0 285776846019492896
0 286840083158834208
0 287086289206287392
0 287095083688696864
0 287483342021327904
0 287518525319674912
0 283823156664720416
0 1232019959181344
0 668458241116192
0 273462252169202720
0 12156453691673632
0 287914024162023456
0 282143265032533024
0 287835123196752928
0 11118233126546464
0 283638566218133536
0 1380478724951072
0 13457683559065632
0 2022613111313440
0 993485528383520
0 276531658600427552
0 277859433513072672
0 279944792606125088
0 1837740539356192
0 287263428690117664
0 6219325782709280
0 9069226635908128
0 9148394425898016
0 9183582824518688
0 9456343581021216
0 9482735349748768
0 270277343598148640
0 282477342352478240
0 10080396155394080
0 333915990950944
0 284588299451270176
0 279117351856014368
0 277111712992625696
0 277437305604965408
0 272485022823534624
0 12393123301321760
0 279918053750272032
0 10106553848042528
0 3438994541455392
0 5128608100387872
0 9288855694008352
0 272705048360923168
0 11364553258783776
0 17125622673330208
0 271789990546412576
0 281395740201825312
0 2401199177846816
0 14610236153653280
0 284615840928690208
0 285054380443537440
0 15832558612794400
0 5489068062435360
0 279249334321974304
0 279091649429744672
0 283023659508380704
0 286585935180017696
0 14442702364462112
0 274244812658635808
0 280648161415262240
0 283277841041710112
0 8409542744475680
0 4222365974232096
0 15736118343714848
0 6561769967919136
0 8312018533029920
0 271702383682350112
0 284887658671470624
0 8919448778261536
0 276988402602268704
0 284324652883849248
0 284096665013594144
0 14461113009803296
0 16061317161368608
0 7679546480413728
0 12068545106201632
0 1538912820866080
0 276689882242781216
0 12218181767085088
0 12833880629787680
0 12833880361352224
0 12833880361352224
0 12833880092916768
0 12833880092916768
0 12833879824481312
0 12833879824481312
0 12833879824481312
0 12833879556045856
0 12825083463023648
0 12825083463023648
0 12825083463023648
0 12816287370001440
0 12825083463023648
0 274860718485432352
0 14742686233932832
0 7951014452127776
0 6536108611815456
0 2533072658885664
0 12675414053056544
0 11927008485398560
0 11856932604765216
0 2331317107104800
0 12270783573727264
0 8189465399333920
0 8013537633309728
0 2621470065203232
0 5383601114218528
0 287465367851636768
0 282556786362347552
0 286497820973311008
0 280129545993072672
0 276417251140533280
0 7528918487969824
0 3421492549685280
0 284641477588929568
0 280489749331096608
0 7538896502383648
0 4942783656133664
0 271342499245811744
0 16747116869452832
0 14169841749722144
0 272387934819452960
0 272414322561648672
0 272669424023242784
0 272678219847829536
0 272687015135545376
0 286831369743930400
0 287518532836028448
0 288080217116315680
0 287420454305075232
0 287411656869875744
0 287385267248631840
0 287939862416513056
0 284993308424709152
0 15955739080764448
0 685749510925344
0 3087052841176096
0 16176518384830496
0 277666919925524512
0 2595408740598816
0 8180550389571616
0 15128698030677024
0 281158356285586464
0 15137507545471008
0 281659705670563872
0 17574100742984736
0 284641503895680032
0 276812712133547040
0 12235227418652704
0 5726055499845664
0 277507721057071136
0 16800318629628960
0 817624871660576
0 282468685846170656
0 270760752636816416
0 12762796505188384
0 1653107411445792
0 284746928968189984
0 274078113435502624
0 14355089863492640
0 6923181265273888
0 1873509295342624
0 280789445169923104
0 277446246384813088
0 273435873017087008
0 15542650736754720
0 11409032208728096
0 10687227789590560
0 8708547362177056
0 3606434646868000
0 765562351796256
0 2771362007991328
0 2762564035920928
0 2753766332285984
0 2753764990108704
0 2753763379495968
0 2736169851274272
0 2727372952945696
0 2727372147639328
0 2718575249310752
0 2700982526395424
0 2692185628066848
0 2683388729738272
0 2674592099845152
0 2674591562974240
0 14821491904737312
0 271842954472358944
0 15788681764044832
0 15779885402587168
0 15762293216542752
0 15753497123520544
0 15762293216542752
0 15885493279686688
0 15885493011251232
0 15876696649793568
0 15867900288335904
0 15859104195313696
0 15859103926878240
0 276030721800901664
0 11302871891513376
0 4327762861150240
0 7168368868125728
0 280744495920714784
0 15252012715643936
0 2436558032861216
0 284334374005364768
0 278536483567466528
0 282231091745064992
0 3676336581553184
0 11399588380757024
0 280947106708279328
0 287922714491593760
0 11742852636076064
0 2366171035191328
0 9710862806021152
0 273259558972289056
0 271578747948871712
0 271615198262530080
0 15516559884143648
0 271562452574434336
0 272616719137707040
0 275827321812949024
0 12015719693184032
0 278423015900430368
0 282205688624079904
0 279081809928061984
0 277059153867133984
0 15217552582577184
0 3377444438551584
0 1601356276811808
0 2331438171670560
0 2375419978958880
0 2419402054682656
0 2463383861970976
0 2568935367624736
0 2595323378255904
0 2612915832735776
0 4081908196165664
0 4125889198147616
0 4161071959623712
0 4205051619428384
0 4240234380904480
0 4284214040709152
0 4319397607491616
0 5797182574282784
0 5823570853349408
0 5849959400851488
0 5885143772940320
0 5920327876593696
0 5946715350353952
0 5973102824114208
0 5999489492568096
0 6017080067999776
0 6025874281973792
0 6043464588970016
0 10986885510449184
0 11013273252644896
0 273444723602607136
0 273471111344802848
0 273488703262411808
0 273506295448456224
0 273523887634500640
0 273541479552109600
0 273559071738154016
0 273576663924198432
0 273585460554091552
0 273594257720855584
0 273611850443770912
0 273629443435121696
0 273638240601885728
0 273638250533997600
0 273638250533997600
0 273638250802433056
0 273638250802433056
0 273638250802433056
0 273638251070868512
0 273638251070868512
0 273647047163890720
0 273647047432326176
0 273647047432326176
0 273647047432326176
0 273647047432326176
0 273655843525348384
0 273655843793783840
0 273655843793783840
0 273655843525348384
0 273655843525348384
0 273647047700761632
0 273647047700761632
0 2128221256650784
0 11998039460189216
0 14672379229908000
0 6825700003181600
0 286629740088173600
0 7142456793642016
0 17319286238514208
0 274701494920842272
0 14320130708425760
0 9640486545571872
0 274015450131100704
0 282742285195044896
0 281078558746019872
0 959256518034464
0 277288300304281632
0 13378723269562400
0 2612361244913696
0 280991745377206304
0 279926906483298336
0 273320996868477984
0 273654566846312480
0 273743792375926816
0 5646696046621728
0 283973274093252640
0 278880486020460576
0 285679388647857184
0 1345610569625632
0 5092965509098528
0 10959948817737760
0 276874920171024416
0 270365011934171168
0 277235499855720480
0 193050726951968
0 12473375033190432
0 3078971860331552
0 275933814990229536
0 721298150182944
0 1821367318108192
0 282372624338953248
0 270672857204608032
0 272318528416181280
0 276487173745090592
0 282873021583086624
0 5532859548847136
0 271702477097725984
0 7669560681986080
0 10898992494270496
0 274728506775355424
0 5708346812631072
0 16730665534155808
0 12331884852121632
0 287412869392561184
0 282239945283049504
0 288203466034485280
0 272960112778648608
0 281518443927542816
0 26098906012704
0 2136973863394336
0 457069883137056
0 288133291906014240
0 288045335539194912
0 287922193726544928
0 286910704769145888
0 286840341125241888
0 286594075753552928
0 286585282344885280
0 286585286908288032
0 286638066150775840
0 287403389326040096
0 287429779215719456
0 287456169910705184
0 7238863240398880
0 7256455158007840
0 7300434012506144
0 7335616773982240
0 7362003174000672
0 7405982833805344
0 7449963030480928
0 9605050649643040
0 9649031114754080
0 9693011579865120
0 9728195951953952
0 9772175880194080
0 9807360252282912
0 9842544892807200
0 9886526163224608
0 9921709730007072
0 9956893833660448
0 9983283454904352
0 10000877519996960
0 10018471853525024
0 10044862011639840
0 10071251632883744
0 10071252706625568
0 5963541689912352
0 273118730215835680
0 14363429347652640
0 16977136258995232
0 11144544364060704
0 7758718297384992
0 279637151883257888
0 278915472018623520
0 286655469358238752
0 285547307129459744
0 395960551272480
0 273188749994086432
0 284404370966484000
0 4187124962636832
0 275546894003245088
0 5181575516007456
0 4828467195726880
0 273435194680614944
0 17935737257259040
0 283296357450903584
0 283805263294009376
0 9675219141038112
0 286268604742661152
0 8487930997865504
0 11601922947811360
0 1618232545240096
0 17574918128749600
0 284325409066118176
0 2225166721911840
0 13044754934125600
0 276838885932524576
0 285116083286011936
0 271711432373501984
0 7415614566180896
0 3491701843363872
0 16536111568784416
0 16905670687747104
0 3174911766515744
0 287614370467305504
0 12815786737708064
0 3589101501084704
0 270955379079762976
0 279002939027443744
0 10730982500084768
0 274561408388280352
0 279390493253711904
0 279732728864568352
0 281290903539504160
0 285960853961337888
0 15481248005171232
0 13554408369809440
0 284984474213643296
0 8637425924460576
0 2084615259545632
0 281544962397788192
0 279178748681579552
0 3931967934455840
0 279856369966964768
0 3456328760776736
0 7036419688121376
0 6904477487481888
0 6904477487481888
0 6728556969215008
0 6596617989800992
0 6517459058181152
0 6491078832178208
0 6508677997544480
0 6499888615408672
0 6121725871801376
0 6077750238528544
0 6024977170056224
0 275475433532109856
0 276963239731303456
0 1029325957009440
0 12666914850056224
0 4696908857994272
0 16289816132150304
0 2111299086008352
0 17777565691508768
0 273126880989944864
0 279407857269835808
0 284483505738910752
0 10115520666259488
0 287641367826950176
0 272969761690809376
0 274384665920508960
0 277560678808731680
0 7713501686672416
0 7415699391745056
0 16194034066776096
0 11786491919603744
0 5347531979033632
0 287490877004255264
0 287701982968352800
0 9561991991554080
0 287701982968352800
0 287737166803570720
0 791088952578080
0 799884508729376
0 826272519360544
0 861456354578464
0 887843559903264
0 905436551254048
0 931825904062496
0 1098981467820064
0 1116575532912672
0 1134169061134368
0 1142966227898400
0 1160560024555552
0 1178153552777248
0 1195746275692576
0 1222135360065568
0 1248524444438560
0 1274913528811552
0 15480609665655840
0 283093139999676448
0 7766447895935008
0 12648500714647584
0 274754457504629792
0 274499136194144288
0 280199258144411680
0 7749444388883488
0 10986533859995680
0 281897027846606880
0 274183284836314144
0 283691027096169504
0 6359538479501344
0 282363519276518432
0 277288202862498848
0 276883325959222304
0 7046022967095328
0 8434796884062240
0 280103395548090400
0 272625758432841760
0 277076942548216864
0 272397746403833888
0 8795691979899936
0 12947622906301472
0 273549163784935456
0 7890287641098272
0 280761968653038624
0 275599506010279968
0 270514620409120800
0 270813723810622496
0 285205206273568800
0 285608561953198112
0 285855417614536736
0 6474018685458464
0 282548041272142880
0 3747520832794656
0 275185980653629472
0 270471420554178592
0 14971307880279072
0 14944917185293344
0 15428801085762592
0 15446390050581536
0 15763037588220960
0 15798223302487072
0 15833409016753184
0 15868593120406560
0 15912573585517600
0 14944917185293344
0 14918528637791264
0 12490824411966496
0 12473231957486624
0 12455639503006752
0 12438047048526880
0 12411658769460256
0 12394067388722208
0 12376476007984160
0 12367681257139232
0 286804876774954016
0 277710030391248928
0 280076598978751520
0 270612002349989920
0 13642386211500064
0 279135446284426272
0 13660566002391072
0 7063643338364960
0 5269038766807072
0 3105358260262944
0 13809823364182048
0 274472917566854176
0 14786501611359264
0 283568208747947040
0 1574232215663648
0 7186661402399776
0 412877890991136
0 4829157611666464
0 273777905690249248
0 283735102318741536
0 279584410758710304
0 276672395820428320
0 5295878554643488
0 4881196241030176
0 5339617696200736
0 271500501697802272
0 283243143611498528
0 274402562512477216
0 287430159051667488
0 3659420315903008
0 668110348884000
0 13264672560335904
0 8362569824288
0 1495326419006496
0 277410504472133664
0 281554728884985888
0 286049388001058848
0 285935033154625568
0 285829471985295392
0 284395844382580768
0 283929642862469152
0 283903256194015264
0 283903257804628000
0 283885667229196320
0 283868076922200096
0 283868078801248288
0 283850488225816608
0 283824101825798176
0 282583891364372512
0 282575095002914848
0 282566298641457184
0 282557502279999520
0 282548705381670944
0 282531112390320160
0 282522316028862496
0 282513519398969376
0 282495926139183136
0 282487130046160928
0 282478333953138720
0 282469537591681056
0 282460741230223392
0 282451945137201184
0 282434353488027680
0 282416761838854176
0 282407966282702880
0 282399170458116128
0 282390374365093920
0 286084573983760416
0 286058184630951968
0 286040591102730272
0 286040590028988448
0 286066978844925984
0 286093367123992608
0 286119755134623776
0 286146142339948576
0 286172530350579744
0 286190121999753248
0 286207713917362208
0 273130660913184
0 290722310086688
0 299518403108896
0 317110320717856
0 334702238326816
0 352294692806688
0 361091591135264
0 369888221028384
0 5937817520008224
0 5937817520008224
0 5955409437617184
0 5964205799074848
0 5973001623661600
0 5981797716683808
0 5990594078141472
0 6008186532621344
0 6025778987101216
0 6034575080123424
0 6043371441581088
0 6060963627625504
0 6069759989083168
0 6078555813669920
0 6087351906692128
0 6096148268149792
0 6096148268149792
0 6104944629607456
0 6122541647490080
0 6122541915925536
0 6131338277383200
0 6131338277383200
0 6131338545818656
0 6316084148136992
0 6316084416572448
0 6316084416572448
0 6316084685007904
0 6316084953443360
0 6316085221878816
0 6324881851771936
0 6324882388642848
0 6333678750100512
0 6333679555406880
0 6324883730820128
0 5198434873550880
0 276865779138562080
0 287016947764476960
0 11962288957886496
0 14785965009168416
0 15665809728958496
0 3553086052707360
0 283533608491462688
0 275467018348591136
0 8699300297680928
0 3351498004409376
0 281677276650172448
0 277534477898069024
0 3650542887020576
0 282407850050312224
0 5074931746809888
0 272247245649439776
0 271105019498122272
0 16017073897853984
0 8216206134031392
0 2560273492030496
0 2577865409639456
0 2604253957141536
0 2621846411621408
0 2648234690688032
0 2727395232920608
0 2727394964485152
0 2727394696049696
0 2727394427614240
0 2718598066156576
0 2718597797721120
0 2709801436263456
0 2709801167828000
0 2701005074805792
0 2692209518654496
0 2692210592396320
0 2569069048181792
0 2569069048181792
0 2569069048181792
0 2569069048181792
0 2569068779746336
0 2569068511310880
0 2586660965790752
0 2577865678074912
0 2569069585052704
0 277850733251447840
0 9912733248571424
0 1310598533530656
0 4336214551871520
0 284421651230670880
0 2365510952527904
0 677926765398048
0 3149389728647200
0 3957767803371552
0 272063730555337760
0 274199923808298016
0 271421623012672544
0 12569097774665760
0 271060960381464608
0 279329128640359456
0 3966484439369760
0 8453017477567520
0 274675629285445664
0 272257101525806112
0 12868937494703136
0 277138702835713056
0 7063574619301920
0 7406978460941344
0 11232013789338656
0 8699160979455008
0 284466081861529632
0 270655378834910240
0 282785790529441824
0 13018153785493536
0 12086306943504416
0 597609266229280
0 274094704088911904
0 283260511653645344
0 271271999236656160
0 11988549998140448
0 275079742221579296
0 13660400109448224
0 11513708614319136
0 14232542635306016
0 273311561362748448
0 4803291708396576
0 283815373110252576
0 283832965027861536
0 283850555871728672
0 284184814922765344
0 284184815728071712
0 284184816533378080
0 284193613700142112
0 284193614505448480
0 284193615310754848
0 284202411940647968
0 284220004395127840
0 284228800756585504
0 284237596849607712
0 284246392942629920
0 284255189304087584
0 284263985665545248
0 284272781758567456
0 284272782295438368
0 284281578388460576
0 284290375018353696
0 284299171111375904
0 284307966667527200
0 284307965593785376
0 284316760881501216
0 284325556437652512
0 284334352262239264
0 284351944179848224
0 284369535829021728
0 284387128283501600
0 284404721006416928
0 284422313192461344
0 7644323722343456
0 273373786580397088
0 13607588117669920
0 14838816460834848
0 285169015805069344
0 13132920680226848
0 3553568162869280
0 284527103414775840
0 1328002009345056
0 1530124512022560
0 6227381799263264
0 270585657288578080
0 5946102243189792
0 16808904268818464
0 283489767344271392
0 270700299361240096
0 271711658127150112
0 12938822786786336
0 53077206354976
0 5533136842962976
0 10977154188252192
0 10635006892613664
0 10449967085242400
0 270646823528533024
0 282891567789109280
0 281457220242537504
0 285556294079922208
0 274217658802002976
0 273602422453144608
0 7792859529089056
0 474331893837856
0 1020954529042464
0 17952616479018016
0 3175008939560992
0 15894806647885856
0 276056617769102368
0 278518916345631776
0 280094225255935008
0 14575086678093856
0 149323933802528
0 288028682071965728
0 5496907988639776
0 6622862924750880
0 7739915735834656
0 7739912783044640
0 370047671730208
0 396434340184096
0 422820471767072
0 431614148870176
0 475590855884832
0 501977524338720
0 510772006748192
0 510770664570912
0 501973229371424
0 288037515209080864
0 288028718310752288
0 288028718042316832
0 288028717237010464
0 288178240886276128
0 288169444793253920
0 288160648700231712
0 288151852607209504
0 288134260421165088
0 288134259615858720
0 288116667161378848
0 288107871336792096
0 288099075512205344
0 288099075780640800
0 288099076317511712
0 288081484399902752
0 284633058915994656
0 246549645266976
0 278792732321958944
0 5075291987099680
0 270242175063831584
0 730532598211616
0 287034145887263776
0 1037445055849504
0 13651079762063392
0 10248088858259488
0 11161617127870496
0 285178229315091488
0 10406178282604576
0 4635798184423456
0 16756022752905248
0 9772281374985248
0 286312628693823520
0 15833380562200608
0 275554730708153376
0 281607442629505056
0 272230747606396960
0 284175848372841504
0 15850101943948320
0 2066640552964128
0 282759447078522912
0 11971421937405984
0 7529475491540000
0 280375866662587424
0 10397580831813664
0 11469437165211680
0 282539118477589536
0 281580935701355552
0 14786083120853024
0 16026090107834400
0 16448714084740128
0 278589538761242656
0 105356353386528
0 9068346972950560
0 11259225896816672
0 826316006466592
0 9368080661195808
0 272116192238714912
0 274350775139157024
0 9279246241783840
0 2454021638153248
0 285653207601287200
0 14909244797726752
0 5427089000238112
0 270277657399769120
0 276584660107432992
0 270268860232798240
0 4837444214431776
0 3043581329768480
0 9490883170853920
0 283374782479986720
0 1477383387940896
0 1064233572256800
0 5128787683592224
0 12058843848828960
0 14206319712152608
0 14081908468272160
0 278941978677647392
0 281387431587178528
0 282460451319680032
0 276364419016166432
0 285846735337942048
0 285749816179354656
0 281950368387514400
0 16404953736593440
0 8154395380509728
0 283085138475159584
0 273716468867362848
0 273338522482642976
0 1750981931174944
0 1618656673380384
0 288133816697468960
0 283216930352379936
0 272986567629348896
0 17275391136180256
0 272836873792223264
0 285881769386378272
0 285714643618956320
0 285688255339889696
0 285661867329258528
0 285644275143214112
0 285626683762476064
0 285433223134643232
0 285433223671514144
0 285424428115362848
0 285424428383798304
0 285424429189104672
0 285415633364517920
0 7880845423895584
0 660255658884128
0 276275967386300448
0 273654893263499296
0 271192691591793696
0 282248803653201952
0 11549859891408928
0 12692084432113696
0 7115742634380320
0 279073801155741728
0 280973577665383456
0 279856757587598368
0 278897826413998112
0 11742953836203040
0 1019741200577568
0 1046129211208736
0 3026517156516896
0 1046129211208736
0 1046129211208736
0 1047397568697376
0 1047396763391008
0 1047395421213728
0 5444518782455840
0 284456473482980384
0 1073656193359904
0 1161617392017440
0 1161617392017440
0 4979199878373408
0 5084754873688096
0 283973132359387168
0 16123448426660896
0 270946133625744416
0 13898205469674528
0 11654195652636704
0 12640624012693536
0 282055467847714848
0 8575508870900768
0 8312890679626784
0 1732492096760864
0 6966225427522592
0 274377024637259808
0 13300009940427808
0 279997564064397344
0 3087144109764640
0 13423401129868320
0 284799900142119968
0 274183173703995424
0 13801109412408352
0 12059508763405344
0 278668392750509088
0 277746068656311328
0 279794736380914720
0 287438885620274208
0 17592016125402144
0 285521078032289824
0 280375921154780192
0 15973608023519264
0 287570438857815072
0 9763937327475744
0 10282901447273504
0 274851629260444704
0 16342845288172576
0 8593978840640544
0 285283182478106656
0 286760881277209632
0 8400596059515936
0 2401225484596256
0 275951178737981472
0 870441158120480
0 105629083963424
0 274543202290569248
0 283972978814159904
0 271842860251679776
0 14786068625164320
0 2216214667921440
0 286919535758870560
0 4115959233745952
0 284149642898764832
0 281801110221026336
0 285133603531680800
0 280550968721191968
0 10062578751432736
0 280930136487390240
0 279152266450237472
0 279143470625650720
0 16342825423826976
0 279460886156991520
0 273259403011042336
0 278290334696483872
0 280639412566922272
0 273743157794465824
0 282776406562525216
0 3262863837983776
0 1785667818624032
0 270612187033250848
0 278158374510792736
0 4618099965963296
0 283322141481480224
0 13492577215473696
0 12130448738600992
0 13467241202907168
0 275088495633402912
0 272660957569127456
0 281272436254158880
0 2893732337020960
0 14953376659943456
0 3544838910025760
0 281607484505236512
0 12542743049949216
0 8540546226210848
0 9129989417004064
0 8980608307129376
0 6139149480751136
0 959240412033056
0 4284158742587424
0 13661017779268640
0 13554200063609888
0 1265996103117856
0 721904008875040
0 287315430811432992
0 2111482963705888
0 273057181187004448
0 271439130641470496
0 278370441742582816
0 287763783789718560
0 3394879321785376
0 279636535287020576
0 15111283548949536
0 6298159101791264
0 15551920349441056
0 270462330256045088
0 286796797404513312
0 271737321094147104
0 10898773182009376
0 270277816044756000
0 286294726196595744
0 7362130143715360
0 8180141561847840
0 7626115208290336
0 273294616643087392
0 17116852618882080
0 12665782589027360
0 273452325157567520
0 275308318233559072
0 5577079727120416
0 5594673792213024
0 7556361986826272
0 5594673792213024
0 5612266515128352
0 7423988679117856
0 287165624231687200
0 10106569685979168
0 10115365510565920
0 284456606895656992
0 286189800682795040
0 286207393137274912
0 286207393137274912
0 286242577777799200
0 286277762686758944
0 286321743420305440
0 286348132236242976
0 286392113238224928
0 286427298147184672
0 286524057586348064
0 286541649503957024
0 286568037246152736
0 286585629163761696
0 286612017442828320
0 286638405453459488
0 286655997102632992
0 286664792390348832
0 286682383771086880
0 287500469277405216
0 287500469008969760
0 287509264565121056
0 287526856482730016
0 287535652307316768
0 287553244224925728
0 287562039244206112
0 287562038438899744
0 287570833995051040
0 287579629551202336
0 287579629014331424
0 287588424570482720
0 287606016488091680
0 287606016219656224
0 284615359892474912
0 270726415715304480
0 271226963015145504
0 1504288136292384
0 282785741942621216
0 2145887799598112
0 278995062057711648
0 282186775735064608
0 274069274392815648
0 271605101599721504
0 277481738115556384
0 276892704288826400
0 12086020523232288
0 277419513702913056
0 3456798791225376
0 12833529247811616
0 271157497556030496
0 285934285293561888
0 16923422324330528
0 9464111566123040
0 1055750743299104
0 272731744267097120
0 13185904470454304
0 279302679963284512
0 12499407903798304
0 8109334194425888
0 17267331898372128
0 287350372517866528
0 273919134952123424
0 274103370527442976
0 283541832011822112
0 13492855314164768
0 276020843375634464
0 284597493633778720
0 282029043061646368
0 273857716383005728
0 285187248478104608
0 8874776286316576
0 277859485320746016
0 285881558395744288
0 279847447441248288
0 6122128793957408
0 273980517819826208
0 280770760182658080
0 273065640930438176
0 8408977956283424
0 5163759454875680
0 277498657870742560
0 7406650432604192
0 14056727611885600
0 281105704281262112
0 278774234434563104
0 279293663484659744
0 13378620189854752
0 12218392220318752
0 17037384986483744
0 283998787809518624
0 281282059933484064
0 11680826328633376
0 10476459785248800
0 277991586435008544
0 273470768552592416
0 6482386087301152
0 3579637808679968
0 1442287599383584
0 10985803446738976
0 284500287786749984
0 519106390577184
0 273689960061187104
0 7732007627011104
0 285978855511210016
0 10784083059680288
0 283366264486012960
0 275985769867716640
0 387035341204512
0 2127994160291872
0 286682868564983840
0 280595801737625632
0 9085783734543392
0 10740085414832160
0 278870940992478240
0 703517254084640
0 280040778951256096
0 287578972420631584
0 273065835814674464
0 7723477285581856
0 273373605118192672
0 13607777633385504
0 12490799984111648
0 13827709218328608
0 14909952930417696
0 283911063639040032
0 5867129068985376
0 274974225343725600
0 270743671014649888
0 280630082555814944
0 11839105537248288
0 3272108486978592
0 277622274545418272
0 278316978794948640
0 270470751612590112
0 6640409208286240
0 6263442881465376
0 9667051723648032
0 278545454412139552
0 17512920276118560
0 280050223584627744
0 13598557680570400
0 280146163758330912
0 281827484272448544
0 7643653438843936
0 278422990130462752
0 278317478084821024
0 6368566232608800
0 277930585014464544
0 273945633558614048
0 285511755269518368
0 287228259350418464
0 276997124607307808
0 277200700151517216
0 3869927937208352
0 2806111782957088
0 4899858142489632
0 12745727768201248
0 275176693055383584
0 272010811189661728
0 2638377740874784
0 5488569578023968
0 284175721402749984
0 15569580718542880
0 694691096218656
0 6069518128849952
0 15445757616622624
0 14944705926418464
0 14355244750845984
0 282706311890864160
0 270858146120175648
0 285530322144538656
0 283261032150242336
0 272397400390546464
0 274033376519367712
0 279214615417007136
0 1337642063360032
0 1978491180847136
0 15410710415169568
0 270989981751929888
0 4362693293132832
0 277085881985325088
0 15472370575758368
0 15736521533975584
0 5814748453359648
0 282284624754057248
0 16456996391893024
0 11487902034862112
0 11162446593040416
0 11162446593040416
0 11144856286044192
0 11136061803634720
0 11118470691332128
0 11118472301944864
0 11109677551099936
0 13246897838181408
0 282512852068706336
0 282205483002273824
0 272713460322971680
0 272793891907047456
0 275158904374504480
0 284817253688591392
0 13176798334520352
0 10247560576994336
0 10238765557713952
0 9596772099918880
0 285776590737501216
0 276698647197086752
0 2770387050132512
0 4881796730942496
0 10229477154190368
0 10467291640853536
0 10660570537882656
0 11294005199598624
0 284939981305441312
0 14742861522389024
0 285222375673517088
0 1522239489429536
0 14698043807352864
0 7837702208675872
0 280366291301724192
0 16677793144834080
0 273620509902644256
0 12797890950960160
0 2101929077804064
0 277596237111329824
0 286366091641579552
0 271042477795013664
0 278027057228211232
0 11338781038798880
0 9850975108040736
0 7458417941776416
0 7458418478647328
0 7458419015518240
0 7467215376975904
0 7467216450717728
0 7484808099891232
0 7493603924477984
0 7493603656042528
0 7247349827078176
0 7247349558642720
0 7247349290207264
0 7238552928749600
0 7238552391878688
0 7238551855007776
0 7229755225114656
0 7220959132092448
0 7212162502199328
0 7212162233763872
0 7203365603870752
0 7203365066999840
0 7203364798564384
0 7212161428457504
0 7220958058350624
0 7229754151372832
0 141104708120608
0 282442549090600992
0 193392714010656
0 14381474921138208
0 277499713627264032
0 475022846622752
0 6641458790837280
0 280243674011830304
0 278484709615479840
0 280859777943390240
0 8013614137091104
0 270242909234840608
0 18032533203763232
0 721668054065184
0 8242314971626528
0 274473764748663840
0 286462814036604960
0 18023611214468128
0 287984492763853856
0 17029721153998880
0 616100442320928
0 70715294486560
0 282486625924198432
0 274763968441094176
0 16448763208051744
0 9588192902777888
0 2691619228920864
0 287034578336615456
0 282460097790258208
0 276337774918020128
0 272590821558234144
0 272573228835318816
0 272564432205425696
0 272546839214074912
0 272150959193500704
0 272142162295172128
0 272124569572256800
0 272098181024754720
0 272080589644016672
0 282715193614707744
0 283454252528086048
0 287825821371116576
0 287922666709625888
0 3659292003707936
0 3632906677431328
0 3624112731892768
0 3342734391946272
0 3333938835794976
0 3333939909536800
0 277507513019648032
0 282275945967593504
0 282935753607555104
0 282979741320423456
0 283041323635255328
0 283067713256499232
0 283111695332223008
0 283173269057120288
0 283217252206585888
0 282953378811160608
0 282944585134057504
0 282944586207799328
0 282926995095496736
0 282909402641016864
0 282883013825079328
0 282865420833728544
0 282847827573942304
0 281641572586999840
0 5585515580036128
0 11241430504844320
0 16756015505191968
0 17002727553273888
0 3439502421051424
0 270515528794585120
0 274245187931681824
0 275748052554732576
0 13915494592090144
0 2533640400137248
0 16264648161078304
0 16228198920506400
0 273065942383374368
0 273171359671420960
0 281396222848652320
0 8154414976543776
0 17776478259309600
0 284808329820418080
0 274420543930346528
0 9781432608121888
0 5550353488089120
0 274482223150262304
0 284808413303680032
0 287667210645255200
0 275809979003403296
0 14205165977055264
0 10186007790329888
0 279813141390017568
0 286241819178591264
0 282539786345369632
0 280762759195994144
0 11100754219685920
0 4477294026732576
0 279794284872642592
0 280103414069989408
0 17134717266660384
0 13607902187441184
0 274456293627256864
0 17072548689116192
0 283814707658611744
0 274069304725855264
0 274006521967705120
0 274798743986232352
0 274482703918029856
0 274032857096551456
0 15850590228043808
0 11488136916228128
0 835662928795680
0 284193457470560288
0 279909499517917216
0 273171862719420448
0 271139756388505632
0 271174939418417184
0 271218919883528224
0 273620318239971360
0 273673093187491872
0 279777734753114144
0 279804125716535328
0 279777878902954016
0 281985601614936096
0 16281276394826784
0 14495641862672416
0 14565960946163744
0 276743270833799200
0 282503444748034080
0 282548517208124448
0 281034946573948960
0 334421991747616
0 275343777483792416
0 281492496956551200
0 12148043340439584
0 8470010784022560
0 6544204893314080
0 277253216058496032
0 278193649613818912
0 14980025053335584
0 17812083001774112
0 17820876142006304
0 17820873189216288
0 16774215160549408
0 16747825539305504
0 16730232011083808
0 16642260075008032
0 16642260075008032
0 16624667352092704
0 16624666278350880
0 17126102636417056
0 17134897655697440
0 17143693211848736
0 17161284592586784
0 17170079343431712
0 277552101222250528
0 277859914280479776
0 8039166240084000
0 8488420624637984
0 8013217658293280
0 7951900289133600
0 10018362063449120
0 4652840077827104
0 12270823570411552
0 272845984223492128
0 14645751506865184
0 279628098629069856
0 9165047087957024
0 275836522438168608
0 11382652519644192
0 284553575714060320
0 286004815635478560
0 286004816440784928
0 285996022495246368
0 286532663089625120
0 286550257154717728
0 286559056468965408
0 275406216913030176
0 279865071033749536
0 280375308585359392
0 273391914563569696
0 4740918850740256
0 11769412445483040
0 9657737013329952
0 284897008278748192
0 17635675273111584
0 282108527873537056
0 17812280838828064
0 287430611365733408
0 284966440720122912
0 272661630804962336
0 281994630173060128
0 281351251051482144
0 15243632697613344
0 274587312678409248
0 11241316956887072
0 5321101018483744
0 283691394852515872
0 8813240411209760
0 278730942775035936
0 272871983539498016
0 10555352697582624
0 274394254703512608
0 283928892048170016
0 15006086646532128
0 283910888350854176
0 283094118178229280
0 6579619851628576
0 280929184883368992
0 3650035812693024
0 15577414202059808
0 285345675057952800
0 280621477320444960
0 2269101284763680
0 5031266961550368
0 5277670309022752
0 8883915976829984
0 10247524606725152
0 270391689586372640
0 279733552961212448
0 685880239157280
0 8506048243748896
0 17231263836631072
0 17248855754240032
0 277517008655012896
0 283787979540100128
0 7573812438815776
0 15137631293895712
0 274393476777605152
0 284016592059332640
0 285643768336709664
0 624121293797408
0 11936860603722784
0 17750631146450976
0 17935383459655712
0 17952989604343840
0 281985063938756640
0 15471894103108640
0 277798196942820384
0 287860921186448416
0 9939744834732064
0 285186954004807712
0 281862260891598880
0 279073687607984160
0 279020908902367264
0 278985722382794784
0 276769181029384224
0 276742792750317600
0 276690016460619808
0 276646035727073312
0 10203653931839520
0 13748583304473632
0 7810501375429664
0 2752758357067808
0 280287437580808224
0 9736625362415648
0 10591111521832992
0 4300999846143008
0 287166317868354592
0 270488667531834400
0 4926271654571040
0 282459625075799072
0 8391210750733344
0 280682718722126880
0 282355242874786848
0 1020386250977312
0 275581252935898144
0 280612919329592352
0 276258339498137632
0 13167851381189664
0 11382019548561440
0 11082791861327904
0 288106894768531488
0 10027914607441952
0 13502355244981280
0 808948500783136
0 1239895855174688
0 1239898807964704
0 1239898807964704
0 1239898807964704
0 1239898807964704
0 1239898807964704
0 1239898807964704
0 10572914013794336
0 271666757734018080
0 276918947075592224
0 11777854740154400
0 12912891384585248
0 544823044579360
0 276918850975575072
0 278308733263050784
0 4608981213931552
0 272731641725172768
0 271411717475872800
0 276179892993888288
0 96770176927776
0 509914624019488
0 282565314020411424
0 276118044659436576
0 15595407698744352
0 282363354189160480
0 274235813091774496
0 281941384658224160
0 283110680377632800
0 277130370330278944
0 280498008821521440
0 274649027868545056
0 15244022465650720
0 16325361281412128
0 16422224068387872
0 6254497538411552
0 275520580617505824
0 286154784082620448
0 13061835750132768
0 279231598522552352
0 5841143175040032
0 5876325399645216
0 5867529575058464
0 5849938194320416
0 5832346276711456
0 5814754090667040
0 5797162173058080
0 5779569181707296
0 4794441122958368
0 4794440586087456
0 4785643956194336
0 4776847594736672
0 4768050964843552
0 4750459047234592
0 4732867129625632
0 4715274406710304
0 4706478045252640
0 4697682220665888
0 4530577928080416
0 4530578196515872
0 4521782371929120
0 4521782640364576
0 4512986815777824
0 4504191259626528
0 4504191259626528
0 4486599878888480
0 4477805128043552
0 4460213210434592
0 4469010377198624
0 4477805933349920
0 4477805396479008
0 4486601489501216
0 285767166236985376
0 279478076495457312
0 7793368214317088
0 7045176589937696
0 281950356307756064
0 2910851539875872
0 5709273988765728
0 270734765400289312
0 16132563420720160
0 11355344043838496
0 3052459564332064
0 273101310365040672
0 1064088348397600
0 274895383434664992
0 278167680094311456
0 10581142097434656
0 1258274289036320
0 277287535263722528
0 280639554032327712
0 273620249789018144
0 8866763488349216
0 7740201619634208
0 275053652710843424
0 275661054502202400
0 286330008547463200
0 281087696020139040
0 5005322138135584
0 270638071459089440
0 273532481863543840
0 9764148049427488
0 279759124391637024
0 280085846311899168
0 1829995370694688
0 12146811221451808
0 9174999063692320
0 3773286610013216
0 11734516641180704
0 276249536425679904
0 5673783063466016
0 272089785974522912
0 272714307505357856
0 272714308042228768
0 272714308579099680
0 272714308847535136
0 272714309384406048
0 272723106014299168
0 272731902375756832
0 272731902375756832
0 272731902644192288
0 272740698737214496
0 272749495635543072
0 272767088358458400
0 272775883646174240
0 281791075834883104
0 11162194800687136
0 278748068956924960
0 7625876569577504
0 5761091695031328
0 274182426379639840
0 15217918996559904
0 15446574733783072
0 16544820688424992
0 286004547468415008
0 283313348341480480
0 7212821243097120
0 271359499800237088
0 4811481405828128
0 276311521930551328
0 284394667561250848
0 284888515517370400
0 14989107298141216
0 280331527299600416
0 273717038487730208
0 3263395071708192
0 274456038076628000
0 9016370352562208
0 275968269486354464
0 1380589589081120
0 6288854323826720
0 11029837598953504
0 11091413471334432
0 11135398499848224
0 11557673778810912
0 11575268917645344
0 283181857380520992
0 278555096076438560
0 5128156591700000
0 3905638443235360
0 272467117641787424
0 270392504556374048
0 528063544749088
0 14838895649090592
0 278889177154931744
0 2893748711829536
0 284615670741101600
0 16493256922128416
0 12181903520628768
0 12525121336573984
0 10695443793641504
0 10677853218209824
0 10642671798911008
0 10457972099055648
0 10422790142885920
0 10396404011302944
0 10370017342849056
0 10343630942830624
0 276918770176990240
0 276839607755709472
0 5101502024789024
0 278967934238349344
0 13932789083213856
0 10616202988679200
0 11382727681003552
0 286646987334536224
0 270867390231961632
0 273698654953429024
0 285081767571012640
0 282714821294899232
0 282152510754491424
0 287948462283556896
0 1953036251455520
0 277534611847155744
0 11232981767506976
0 15261121804572704
0 274085908801199136
0 274244481946557472
0 275748456550177824
0 275009621243534368
0 274789729386961952
0 274710577166228512
0 274675405947477024
0 274613841080949792
0 274613849670884384
0 274631449104686112
0 274622694887595040
0 274657887312747552
0 278756679829763104
0 5647475315159072
0 7740426568091680
0 3114133952401440
0 11047871092890656
0 283155025914645536
0 12948522433885216
0 14820825379132448
0 6755110336174112
0 4961389454215200
0 283990483758567456
0 271165370231042080
0 271193026062290976
0 3140474450283552
0 11056748253745184
0 10924372261364768
0 283542276809329696
0 287685192867566624
0 285178082481348640
0 8707966736172064
0 271860512298590240
0 15622199436221472
0 280454657569402912
0 277375976961307680
0 283014173804793888
0 284369037076048928
0 284623881376065568
0 2058810827171872
0 281729861276830752
0 11883585024078880
0 17733500938069024
0 13731276196712480
0 9148033380085792
0 283190351484105760
0 283198522391031840
0 278009530003353632
0 287544190164980768
0 271561721893032992
0 277886129418924064
0 284712325490519072
0 282891742272073760
0 283383056197570592
0 283146117347362848
0 13871842423137312
0 7880964072402976
0 281773536262194208
0 5154883905364000
0 7634922039180320
0 677691884341280
0 282829489942339616
0 15076920589362208
0 283972714136731680
0 278712678157930528
0 5699221886446624
0 5304663105145888
0 280085510498862112
0 283594376909772832
0 285986992595145760
0 17029678204773408
0 12912724149577760
0 283489828010561568
0 276214653774822432
0 282310474015024160
0 8646275436546080
0 16395963564518432
0 5058327671478304
0 11161988105301024
0 15692158548173856
0 285802467647015968
0 15138593366356000
0 278712474415583264
0 1741567631463456
0 11417637443864608
0 279204963819778080
0 279505297192538144
0 3869628095052832
0 7820338998287392
0 5629443968459808
0 282469393978871840
0 6148610219840544
0 277367199121986592
0 17927118600400928
0 271068615087133728
0 271376488811893792
0 280666206988752928
0 272749791451413536
0 282663077407973408
0 284394657361035296
0 270735493397087264
0 274157302163269664
0 275880088707663904
0 12446939778254880
0 8409691726375968
0 10026909048376352
0 281035575786868768
0 279178784920704032
0 3510038400734240
0 246038007257120
0 7652868291434528
0 5567793739471904
0 270612150794723360
0 3764548767457312
0 274587793983153184
0 12534400613229600
0 16827136405283872
0 1688363992517664
0 271826162224228384
0 270716871223988256
0 270752138274072608
0 17442256520799264
0 17442256520799264
0 17442256520799264
0 17442256789234720
0 17433460696212512
0 17424664603190304
0 17424664334754848
0 17424664066319392
0 17424664066319392
0 17407071880274976
0 17407071880274976
0 17407071880274976
0 17407071880274976
0 17407071880274976
0 17407071880274976
0 17407071880274976
0 17407072148710432
0 17415868241732640
0 8355947190144032
0 12842233804263456
0 15533415482853408
0 4996152114326560
0 282988031412235296
0 282547903564878880
0 287043103310084128
0 277349400240599072
0 3975641309973536
0 184144038852640
0 897700510167072
0 285925978558211104
0 4275213668095008
0 2744270427666464
0 9720037929668640
0 276434742126262304
0 284773909415332896
0 274605181352972320
0 279047201081019424
0 272265584891768864
0 4714795249510432
0 245873187509280
0 272256315546874912
0 276038958205712416
0 280313550713778208
0 281923073333389344
0 276760139854757920
0 281730290504961056
0 4002796777327648
0 271535532256191520
0 271034154953925664
0 271034154953925664
0 271007767748600864
0 271007768285471776
0 12173330765333536
0 278765478875247648
0 284843973754128416
0 275906610130874400
0 13730186885717024
0 13184824286501920
0 1908298530282528
0 1530063577537568
0 1055073480596512
0 285960634649402400
0 1055073480596512
0 940720781646880
0 817574674029600
0 703224927869984
0 286646661722528800
0 286585090413550624
0 286523517225524256
0 286444363394178080
0 286470751941680160
0 286497140220746784
0 286523528499813408
0 286541120148986912
0 287156911621921824
0 287174503807966240
0 287174503002659872
0 287174501928918048
0 287042551675214880
0 287033755582192672
0 287016162859277344
0 287007366229384224
0 286998569599491104
0 286989773238033440
0 286972180783553568
0 286954588865944608
0 286936996948335648
0 286928201660619808
0 286919405567597600
0 286198155736112160
0 286198156004547616
0 286189360179960864
0 286180563818503200
0 286171767993916448
0 286154175807872032
0 286154175807872032
0 286136583084956704
0 286118990362041376
0 286110193195277344
0 286101396296948768
0 286092599398620192
0 286092598324878368
0 286083801426549792
0 286083800889678880
0 286083800352807968
0 286092596177394720
0 286101392001981472
0 286101392001981472
0 286101392001981472
0 286101391733546016
0 286101391733546016
0 286101391733546016
0 286101391465110560
0 286101391465110560
0 286101391465110560
0 286101391196675104
0 286101390928239648
0 286092594566781984
0 286092594298346528
0 3773877167854624
0 3386538495421472
0 280692143490656288
0 9948748428246048
0 286374899008773152
0 274332064650646560
0 274939849231372320
0 1389588887333920
0 276048275063401504
0 276707959759884320
0 3896221727199264
0 279908813396579360
0 276733602325086240
0 16088116683627552
0 5427523597450272
0 6060721230283808
0 16537098337430560
0 278738941883478048
0 278757302063075360
0 1715224986545184
0 10590985893875744
0 9728041601672224
0 284351836268818464
0 279504428804124704
0 5576767268072480
0 274596708993029152
0 659624298813472
0 6077858955178016
0 287219036981767200
0 279346490240145440
0 15780086997789728
0 279636110354184224
0 15349181518834720
0 4890965412170784
0 8435935855842336
0 4081585268263968
0 15780170749477920
0 4600160961557536
0 287526731123083296
0 286383736172460064
0 2410381280688160
0 9922378134075424
0 286137189749092384
0 287033638275696672
0 278123840826249248
0 276681415519734816
0 282521805464826912
0 14038763106193440
0 285618480106547232
0 14891923999599648
0 286242552812851232
0 13862478857474080
0 6807813074841632
0 272195037637525536
0 272599878570445856
0 17969826949805088
0 270206589649336352
0 272881870017140768
0 7828588019770400
0 272291497771027488
0 16712913629247520
0 285073058451488800
0 284632549962657824
0 272019243015842848
0 4793407646165024
0 11680667146653728
0 7089567492983840
0 287500909779558432
0 285397967626873888
0 13203223121218592
0 283982318757225504
0 284588359043533856
0 275590374372750368
0 5568584818838560
0 13800463019797536
0 17847400786328608
0 270198513768890400
0 16695067234826272
0 8066013275016224
0 2770991566982176
0 275907734069963808
0 275106025005550624
0 287702568426608672
0 272010587582522400
0 14574753281173536
0 16518823788741664
0 275150499660130336
0 9121995677520928
0 285828805728530464
0 276311559243413536
0 1811607005452320
0 277455018587090976
0 2278716642633760
0 276856486171798560
0 278809921586304032
0 11637184092564512
0 17187693004190752
0 272705024201814048
0 8532650734430240
0 286312484544556064
0 285002750373464096
0 2357430508187680
0 11311997354594336
0 288072503354807328
0 14267713585453088
0 278616317614170144
0 13185266936569888
0 274261629871591456
0 287403770772844576
0 15789494318099488
0 274631391390483488
0 284782962133041184
0 1371579821236256
0 1441948296978464
0 1441948296978464
0 12947272329764896
0 14143534001463328
0 14152330362920992
0 14169924428013600
0 14055656286232608
0 14064453989867552
0 8330076991348768
0 914562283541536
0 270453857359354912
0 281817628396795936
0 650670366046240
0 2568074226612256
0 2796920016255008
0 2506576737384480
0 2506576737384480
0 2506576737384480
0 2515372561971232
0 2524168118122528
0 2532963137402912
0 2550554786576416
0 2568147241056288
0 2585739695536160
0 2594536325429280
0 2612129316780064
0 2620925678237728
0 2638518132717600
0 2647314762610720
0 2647315567917088
0 2647315836352544
0 2647315836352544
0 2647316104788000
0 2647316104788000
0 2647316104788000
0 2647316104788000
0 2647316104788000
0 2647316104788000
0 2647316104788000
0 2647316104788000
0 2647316104788000
0 2647316104788000
0 2647316104788000
0 2647316104788000
0 2647316104788000
0 2647316104788000
0 2647316104788000
0 2647316104788000
0 17072917788013600
0 17099303919596576
0 17600789938222112
0 2366317064081440
0 277313849991402528
0 6861301255203872
0 14865094681119776
0 4240092915236896
0 286972640345059360
0 273285570367684640
0 13484638505062432
0 270884731162514464
0 270902328180397088
0 270893537187648544
0 271931580317226016
0 271957969133163552
0 7326627138775072
0 281175992494554144
0 281519501831620640
0 17697407106327584
0 5876186618268704
0 7960780402573344
0 278589940877760544
0 14487050854337568
0 8541408441350176
0 285353496461835296
0 16783096884236320
0 273250575511154720
0 836303952666656
0 285599754854236192
0 12112624623879200
0 284896429531649056
0 281624914556301344
0 285627069235219488
0 281422199347850272
0 12455424754781216
0 282485892021551136
0 287588891916001312
0 2964928667793440
0 5892762239490080
0 278088211656978464
0 278941160754690080
0 278536736433672224
0 282310742987272224
0 283312820328944672
0 11338539178493984
0 287175135436476448
0 7027822506060832
0 1873765382652960
0 9350681748187168
0 281193272221855776
0 271658746814912544
0 4626450724484128
0 288133345593249824
0 6851813403851808
0 8364728787612704
0 12332541982182432
0 5937362253388832
0 275853953026028576
0 278554318419169312
0 5549864666713120
0 10528242058783776
0 10318400425643040
0 286418113090736160
0 15032311448161312
0 286990327020590112
0 17644817916391456
0 288160027272060960
0 271464862595683360
0 8330131215061024
0 4574001389170720
0 16818019532124192
0 5083822060476448
0 9200185826150432
0 14768036204651552
0 11998533649531936
0 88512565638176
0 271403783597331488
0 15551351266843680
0 7890769751419936
0 7616826267683872
0 2040944300502048
0 62247766961184
0 287702022428314656
0 283480848845089824
0 282478348180499488
0 282529929663368224
0 287254599848012832
0 275432741825293344
0 274613440574835744
0 274262427930039328
0 17952269928880160
0 278941469992333344
0 276479210875482144
0 280665802188368928
0 4459036925818912
0 8181052094830624
0 12983499304872992
0 277877283665464352
0 16792206778469408
0 281079779590011936
0 13492568088287264
0 15129428443393056
0 273734637921241120
0 6474555019853856
0 281113701241593888
0 11971354559528992
0 5646465729159200
0 1566344239988768
0 282837779229400096
0 10221735207418912
0 5638573457993760
0 285591219948708896
0 279267590348860448
0 3105390741451808
0 2937706359842848
0 16290101210895392
0 283128851310205984
0 16105260313593888
0 3676321012582432
0 4740707592137760
0 1512487229236256
0 284809330011090976
0 285300645547200544
0 270848994350288928
0 12103803298205728
0 287825844188016672
0 277120960057297952
0 277244088716610592
0 272538163648701472
0 273585423778019360
0 275942100250864672
0 17407603650867232
0 278510238096234528
0 272907136236327968
0 12103938321529888
0 285679015791293472
0 279486752866464800
0 26322781325344
0 285978089933452320
0 7696114585686048
0 286831626368349216
0 273962813695903776
0 285310187085197344
0 274156044274508832
0 17883141624660000
0 279108265047191584
0 284860991219864608
0 277798158019638304
0 275080751539142688
0 271535595338587168
0 284025461703502880
0 280050607983750176
0 279081770735995936
0 271561553583766560
0 277270179031874592
0 9719079078351904
0 274799405410924576
0 1134578156964896
0 14487166818205728
0 16686694464267296
0 279513004243121184
0 285318302426146848
0 275827788085793824
0 11013353514509344
0 8531589877548064
0 273761229942942752
0 11584213723869216
0 17407481244879904
0 14733905442220064
0 7775668654415904
0 16325786483092512
0 282425296475532320
0 2700961320077344
0 9165288679510048
0 7159744573793312
0 11602440223100960
0 7731446597028896
0 282204793659739168
0 572303587313696
0 280885200392016928
0 283876658803925024
0 8743051787308064
0 274341707657575456
0 278958701132441632
0 276541042835081248
0 272159232643146784
0 17126576156639264
0 12569353325665312
0 272687184786919456
0 275150747157497888
0 1055082607076384
0 273954270200771616
0 270514769659236384
0 287825107869812768
0 6861569690708000
0 7423387383746592
0 2524785251093536
0 284157936211940384
0 271113441929187360
0 10467476861424672
0 16607650959960096
0 11865323360110624
0 276180046002466848
0 276180046270902304
0 276180046270902304
0 283727072877346848
0 272309987337130016
0 18013719636518944
0 17021025992837152
0 7291753078115360
0 281377758515933216
0 14188644042845216
0 275590301090343968
0 274569514065660960
0 6500693117045792
0 274050428881711136
0 274157247402676256
0 277234734814347296
0 16263927411466272
0 12710374281662496
0 282486049862135840
0 281967639524901920
0 11241320446471200
0 11241320446471200
0 11241320446471200
0 11232522205965344
0 11223724502330400
0 275124281569060896
0 492857161402400
0 274201020903927840
0 286401327284928544
0 285583293049860128
0 8470043801550880
0 14936439456620576
0 5814827104906272
0 5382551799942176
0 279135549363808288
0 4389021442655264
0 3975606949659680
0 3966809782895648
0 3975605070611488
0 3975604265305120
0 3975603459998752
0 3984399016150048
0 3984398479279136
0 15472602235554848
0 13378973451121696
0 273496790416857120
0 7212936938698784
0 273936424879889440
0 286576321969550368
0 13114803971222560
0 11136361646518304
0 271455865444585504
0 277340937007830048
0 287403467709095968
0 2084547881869344
0 1081910583631904
0 12376482987488288
0 272863580704585760
0 278000842895374368
0 287007800289769504
0 2902943968376864
0 7116152803801120
0 6957825545320480
0 6773113765869600
0 6588401449547808
0 6544422863484960
0 6482852091377696
0 6359709741856800
0 6236564707981344
0 1978660831769632
0 276065429967967264
0 853064525836320
0 276469505323011104
0 285274924329786400
0 10097287724821536
0 9825875051138080
0 16782309831436320
0 15552122749896736
0 283225992733257760
0 283726102483341344
0 276214340511140896
0 13079109572012064
0 11963270089148448
0 13158281925404704
0 13158281925404704
0 13149486637688864
0 3501271030421536
0 9843367915580448
0 284545010207375392
0 283823739974795296
0 283788557213319200
0 283762172423913504
0 283735787902943264
0 283726995836452896
0 283718203233091616
0 283665429627748384
0 283621451310120992
0 283586269890822176
0 283533494406430752
0 283322413943701536
0 283313619998162976
0 283287234135015456
0 283287236014063648
0 283401611798462496
0 283392815705440288
0 283384019343982624
0 283375223250960416
0 283366427157938208
0 283331241980543008
0 283322445887520800
0 283322445887520800
0 283313650062934048
0 283304854238347296
0 283304854238347296
0 283296058145325088
0 283287262052302880
0 283278465959280672
0 283269669866258464
0 283269669866258464
0 285142574107701280
0 14830472949419040
0 2410326788163616
0 286691085374543904
0 272274702838454304
0 12323043393245216
0 9737843522261024
0 287288788324557856
0 285775852539988000
0 9500034135953440
0 277322809024570400
0 276073740461532192
0 276047352987771936
0 276020964977140768
0 275994577771815968
0 275968189492749344
0 275941800408376352
0 275924207148590112
0 275915409713390624
0 274798335964341280
0 274789539066012704
0 274780741630813216
0 274771945000920096
0 274763147834156064
0 274754350398956576
0 274754349056779296
0 274754347983037472
0 274754346909295648
0 274754345835553824
0 274745548668789792
0 274727955677439008
0 274719158510674976
0 274701566056195104
0 274675177777128480
0 14187690560067616
0 11716774668191776
0 272247614479550496
0 4864261721522208
0 272977469009866784
0 3166629458359328
0 271121549216839712
0 14521977260156960
0 278405037435348000
0 282689472666235936
0 284289095923143712
0 280041255692833824
0 6183848010910752
0 270796321139604512
0 270963649576000544
0 277287626531367968
0 273162419696706592
0 285503194862374944
0 17152067055651872
0 270479448653295648
0 286629568558002208
0 7178017780714528
0 4828834683786272
0 282609092890162208
0 669087453899808
0 288220896622283808
0 284570769005298720
0 14609770149579808
0 286699352649590816
0 5057873210333216
0 11461772795985952
0 280744993063768096
0 8646298253359136
0 281070620572594208
0 11637247980010528
0 16105686320601120
0 184617827388448
0 1531134635105312
0 16245732051254304
0 14311521178014752
0 16712747199218720
0 1354765024066592
0 274912549882202144
0 282653796789151776
0 7098792008544288
0 6113535637646368
0 285952188864778272
0 3034427144160288
0 273223895979782176
0 287596957328075808
0 287553548361969696
0 284975960514850848
0 15859085941671968
0 14961980285235232
0 270893504707156000
0 5717771581596704
0 4873418055176224
0 14847245870988320
0 9350823482027040
0 270822476953611296
0 10933550606352416
0 7775591613235232
0 7687630146142240
0 6121969880039456
0 5990029021577248
0 4600221359570976
0 4626608833331232
0 4652996843962400
0 4679384586158112
0 4705772596789280
0 4732161681162272
0 4749754404077600
0 4767347663863840
0 4784940923650080
0 4802534451871776
0 4820127174787104
0 4846515990724640
0 4872903464484896
0 4899291475116064
0 4916882855854112
0 4943270866485280
0 4969659413987360
0 4996047156183072
0 5013639073792032
0 5013638000050208
0 5022433019330592
0 5022432750895136
0 5031228575481888
0 5031228038610976
0 5022431945588768
0 5013636389437472
0 5013636389437472
0 5013636389437472
0 5013636389437472
0 5013636657872928
0 5013636926308384
0 5004841101721632
0 5004841638592544
0 4996045814005792
0 4996045814005792
0 4996046082441248
0 4987249720983584
0 284394777083127840
0 285089530456009760
0 284404700873411616
0 255209104519200
0 7740799425027104
0 274975161915117600
0 284052795680805920
0 827060377987104
0 1003264363805728
0 281967825818681376
0 8883465542368288
0 280015504679525408
0 277710922670562336
0 277684532780882976
0 277640550705159200
0 287817591677148192
0 287782404083833888
0 287747215953648672
0 1960929059534880
0 5375079899027488
0 3835291173860384
0 2569009186830368
0 11583968373834784
0 284615700000608288
0 270999159828650016
0 15401430600928288
0 281396087556895776
0 2832697898913824
0 278036253289973792
0 6219165795259424
0 283515102551041056
0 273567502221912096
0 17750973133259808
0 4345108355125280
0 280375756872599584
0 11690042254980128
0 276548877124218912
0 1336777164501024
0 280744508000694304
0 2365820995480608
0 9983904614412320
0 14575528522814496
0 276584441601133600
0 274050640140209184
0 10378867927862304
0 10995294250485792
0 8707694005342240
0 12649260655339552
0 281870662920972320
0 660267470079008
0 285908117400088608
0 271069204034236448
0 12824187693575200
0 6077957202390048
0 287147966815415328
0 280225777419693088
0 277525147617995808
0 275941968717163552
0 275897990936407072
0 2313397161413664
0 11250843730979872
0 11038471825312800
0 276012362425920544
0 275537270860215328
0 10546075836698656
0 642066741267488
0 270356511925276704
0 18040583583239200
0 12050991843297312
0 275053449505614880
0 279293275058637856
0 6729362007481376
0 273207014879343648
0 284016477437717536
0 272661567991188512
0 271368071749692448
0 278184982906892320
0 274086401917007904
0 281607239423580192
0 2137389669774368
0 14962486017595424
0 271007828683594784
0 271007829488901152
0 271025420869639200
0 271043012250377248
0 271465287797775392
0 271465286455598112
0 271456489020398624
0 271456488483527712
0 15129572324881440
0 15270379875003424
0 13432016297585696
0 13432016566021152
0 13423221278305312
0 13423222083611680
0 13423222888918048
0 13432019787246624
0 13432020592552992
0 13440817759317024
0 13440818833058848
0 13440819638365216
0 13528809559616544
0 13528810364922912
0 13528810633358368
0 13537606994816032
0 13537607531686944
0 13528810633358368
0 13520014003465248
0 13520013198158880
0 13520012929723424
0 7169090422633504
0 282899789162068000
0 270234062944431136
0 18032484080117792
0 285547103923858464
0 285529511469378592
0 285529511469378592
0 285529509858765856
0 285555896795655200
0 285582280242883616
0 285591075530599456
0 285591073114680352
0 285599867597089824
0 285608661274192928
0 285591067209100320
0 285599861154638880
0 285591062645697568
0 285591060766649376
0 285591075530599456
0 285591075262164000
0 279795265735551008
0 277006303220894752
0 275687020532422688
0 273347930071519264
0 5990010768092192
0 1538640358793248
0 286322212913627168
0 271728262202483744
0 16176637032972320
0 13352118362589216
0 286462238511082528
0 280568358775088160
0 280480397307995168
0 277183129171543072
0 280480397307995168
0 280242893132719136
0 279987797576705056
0 272168095039153184
0 271974576160826400
0 271860216214119456
0 271860203329217568
0 16316149113348128
0 16272161668915232
0 16219377863024672
0 16166594325569568
0 16087423582789664
0 12894498455609376
0 12859310862295072
0 12832917751390240
0 12788932991311904
0 12797723984060448
0 12261222707683360
0 12261219754893344
0 12278808182841376
0 13448755395223584
0 13466344360042528
0 13510321872363552
0 13536708809252896
0 2375216236277792
0 270735163490112544
0 277437016499776544
0 287263153274891296
0 11576025368717344
0 15314123311454240
0 273742550056678432
0 274896103378850848
0 2620805150658592
0 285617367709444128
0 3958500900843552
0 16377842560912416
0 13193751376230432
0 281149614952991776
0 273004973712244768
0 277832763108302880
0 275211610065760288
0 12138762184389664
0 10265565885398048
0 4644311077956640
0 5286266149318688
0 273733980522973216
0 7916596731656224
0 275573375966325792
0 6051756559873056
0 272802249107975200
0 286427693015368736
0 7010390844176416
0 8673038988093472
0 10141814456037408
0 7054340976521248
0 7063126332125216
0 5163256138674208
0 15744677944814624
0 15735881314921504
0 15735881314921504
0 285195132427862048
0 3044123838242848
0 272159262975865888
0 273312816298038304
0 11592883115352096
0 1671813604315168
0 273118938253439008
0 271227293459310624
0 277454791490366496
0 9878584500204576
0 285811675788372000
0 282847543031984160
0 282935506914996256
0 282935506914996256
0 282988286694354976
0 282988286694354976
0 282988286694354976
0 282988286694354976
0 282988286694354976
0 282988286962790432
0 282988286962790432
0 282988286962790432
0 282988286962790432
0 282988286962790432
0 282988286962790432
0 282988286962790432
0 282988286962790432
0 282988286962790432
0 282865150787285024
0 282865151055720480
0 282865151055720480
0 282865151055720480
0 282865151055720480
0 282865151055720480
0 282865151055720480
0 282865151055720480
0 282865151055720480
0 282865151055720480
0 275749270983187488
0 270453206134725664
0 17742362797287456
0 16597605031266336
0 2806071517513760
0 280946739756939296
0 282160629853785120
0 271535176041951264
0 274623136195158048
0 1028641714989088
0 4785227612592160
0 985248049946656
0 8250664656367648
0 10405394182711328
0 281835937036967968
0 5928792988447776
